10 REM -- Frogger
20 REM
30 CLEAR2000:KEYOFF
40 OPEN"grp:"FOR OUTPUT AS#1
50 ONSTOPGOSUB1910
60 STOPON
70 GOSUB1500
80 LOCATE3,12:PRINT"Teclado ou Joystick  (T/J) ? ";
90 PLAY"S1M5000T200L10O3GG#AO4FR5FGG#AFGAR15EGR15EGR15FR5O3GG#AO4FR15O3AO4FR15O3AO4FR15O4FR5O4DCO3BO4DFAR12GEDGR5O3GG#AO3AO4FR15O3AO4FR5FGG#EFGAR15EGR15FR5O4FGG#AFGAR15FGR15AFGAR15EGR15F"
100 V$=INPUT$(1)
110 IFV$="T"ORV$="t"THENV=0:GOTO140
120 IFV$="J"ORV$="j"THENV=1:GOTO140
130 GOTO100
140 COLOR15,1,1
150 SCREEN2,2
160 DATA0,0,7,127,255,255,255,255,255,255,255,255,127,7,0,0,0,0,255,255,255,255,255,255,255,255,255,255,255,255,0,0
170 DATA0,0,255,255,255,255,255,255,255,255,255,255,255,255,0,0,0,0,224,254,255,255,255,255,255,255,255,255,254,224,0,0
180 DATA0,0,0,0,31,61,61,61,61,61,61,31,0,0,0,0,0,0,0,0,254,238,238,238,238,238,238,254,0,0,0,0
190 DATA0,0,0,0,127,119,119,119,119,119,119,127,0,0,0,0,0,0,0,0,248,188,188,188,188,188,188,248,0,0,0,0
200 DATA163,69,167,19,15,7,15,15,15,31,39,67,64,40,16,40,197,162,229,200,240,224,240,240,240,248,228,194,2,20,8,20
210 DATA0,0,0,0,31,61,125,125,125,125,125,61,31,0,0,0,0,0,0,0,0,254,251,251,251,251,251,254,0,0,0,0
220 DATA0,0,0,0,127,223,223,223,223,223,223,127,0,0,0,0,0,0,0,0,248,188,190,190,190,190,188,248,0,0,0,0
230 DATA0,24,164,66,163,7,15,15,15,15,7,163,66,164,24,0,5,2,5,8,208,254,253,255,253,246,208,8,5,2,5
240 DATA160,64,160,16,11,127,191,255,255,191,111,11,16,160,64,160,0,24,37,66,197,224,240,240,240,240,224,197,66,37,24,0
250 DATA40,16,40,64,67,39,31,15,15,15,7,15,19,167,69,19,20,8,20,2,194,228,248,240,240,240,224,240,200,229,162,197
260 SCREEN2,2
270 RESTORE160
280 FORA=1TO10
290 FORB=1TO32
300 READC
310 X$=X$+CHR$(C)
320 NEXT
330 SPRITE$(A)=X$
340 X$=""
350 NEXT
360 SPRITEON:INTERVALON
370 ONINTERVAL=250GOSUB1040:ONSPRITEGOSUB930
380 A(3)=8:A(7)=-8:B(1)=-8:B(5)=8
390 C(1)=5:C(3)=8:C(5)=10:C(7)=9
400 I=3:J=1:K=3:L=1:M=-2:N=-3:O=-2:P=-3
410 Z=5:R=5:W=0
420 LINE(0,0)-(255,16),4,BF
430 LINE(0,81)-(255,109),12,BF
440 LINE(0,176)-(255,192),4,BF
450 FORS=1TO255 STEP20
460 LINE(S,143)-(S+5,143),11
470 LINE(S,160)-(S+5,160),11
480 LINE(S,126)-(S+5,126),11
490 LINE(S,32)-(S+5,32),11
500 LINE(S,48)-(S+5,48),11
510 LINE(S,64)-(S+5,64),11
520 NEXT
530 PSET(45,1),1:PRINT#1,"pontos: 0":PSET(155,1),4:PRINT#1,"vidas: 5"
540 GOSUB980
550 A=A+I:B=B+J:C=C+K:D=D+L
560 E=E+M:F=F+N:G=G+0:H=H+P
570 PUTSPRITE1,(A,15),15,2
580 PUTSPRITE2,(A+85,15),8,4
590 PUTSPRITE3,(A+170,15),8,7
600 PUTSPRITE4,(B,32),9,2
610 PUTSPRITE5,(B+85,32),6,4
620 PUTSPRITE6,(B+170,32),8,7
630 PUTSPRITE7,(C,48),10,2
640 PUTSPRITE8,(C+85,48),10,4
650 PUTSPRITE9,(C+170,48),7,7
660 PUTSPRITE10,(D,64),13,2
